39092
0
0
0
33
2
0
0
31
0
0
23
35
0
7
0
1977
52
0
0
84
4
3946
15
23
54
4
0
31
2
2
3
6143
5
17
871
32
10
0
27
32
2
10
13
23
1708
24
0
885
4
3148
9
13
5
14
3
15
3085
7
4
25
17
13
4
940
1100
2
56
23
14
3
1519
7
15
4
14
8
10
4
3
1443
1424
21
10
11
13
741
6
4
6
309
7
6
472
2
3
234
607
5
1
10
379
340
6
22
5
2
584
6
3
4
2
388
299
6
872
349
3
7
0
10
558
6
0
287
5
11
5
457
3
4
451
12
0
5
116
164
352
3
9
7
6
2
699
366
7
5
410
7
1
96
173
9
6
3
6
5
125
79
1
530
9
3
165
173
2
3
388
4
1
317
5
118
152
3
4
303
4
476
4
4
73
344
3
5
3
142
87
5
3
7
2
358
184
156
119
9
151
5
1
199
2
118
94
94
1
1
3
419
4
92
5
9
119
144
58
0
200
5
1
5
3
340
0
164
8
194
68
5
240
16
1
127
4
2
1
87
250
1
3
345
2
37
140
229
2
1
7
95
57
51
2
120
2
3
4
81
174
112
2
126
3
121
137
60
7
94
3
104
3
0
65
289
138
1
57
42
6
1
236
2
1
2
83
67
1
64
2
292
80
2
76
2
44
127
148
4
28
55
5
61
38
2
45
110
88
1
225
3
38
106
9
4
5
60
95
14
70
80
2
90
55
4
212
2
4
47
1
64
190
1
0
77
3
72
4
150
66
1
69
45
2
65
59
28
31
74
4
2
69
94
67
137
23
51
78
1
96
1
55
34
3
37
2
80
34
1
1
159
31
1
58
41
61
91
4
44
27
0
20
77
19
2
0
115
59
152
28
7
68
10
3
50
11
0
56
46
39
1
1
124
27
24
31
5
36
3
78
53
18
46
31
41
1
3
83
69
65
24
82
46
1
39
29
1
23
51
2
2
29
123
1
59
13
12
31
51
30
5
28
47
26
47
11
24
6
32
6
72
19
88
18
56
24
14
32
4
3
33
1
6
21
1
0
35
35
62
29
3
0
66
2
37
37
40
41
3
12
2
30
36
80
20
32
20
19
19
27
20
17
14
1
32
4
28
1
24
28
22
20
11
10
60
0
0
45
1
0
40
21
23
9
55
0
18
84
23
1
9
2
16
9
24
13
9
0
14
25
37
16
13
29
18
0
18
1
37
26
0
5
5
5
1
18
37
4
37
24
2
4
9
17
12
2
9
20
6
3
24
10
23
7
12
5
2
25
3
11
14
4
3
12
5
16
5
2
26
30
7
10
1
12
9
6
1
4
2
5
9
1
15
1
13
14
2
18
0
15
0
14
0
11
17
9
5
6
0
1
17
13
0
5
9
3
4
10
1
12
7
1
0
7
8
6
13
6
0
13
0
9
11
3
6
8
2
3
7
5
4
3
12
4
8
2
17
2
1
9
4
5
2
10
17
4
0
1
16
10
6
5
1
2
17
1
2
14
5
3
12
2
2
6
13
1
2
9
3
1
3
8
8
4
3
4
4
0
1
4
7
4
7
0
3
3
11
6
2
8
5
2
1
12
3
0
11
2
5
2
4
1
11
0
6
1
3
5
0
4
7
2
10
4
1
8
11
3
0
4
7
4
4
3
5
1
1
2
7
11
6
2
2
8
4
1
5
3
2
4
2
5
1
2
7
7
12
3
1
0
8
1
11
0
3
0
3
2
1
1
4
3
9
1
4
2
6
0
5
2
2
2
10
6
3
0
12
1
1
2
5
0
2
6
2
0
5
1
1
3
0
2
8
3
1
3
1
3
0
8
1
2
2
2
0
0
5
6
0
3
2
2
0
3
3
5
0
3
0
0
3
2
3
0
6
0
3
3
2
3
4
3
0
4
1
1
10
0
0
1
3
1
4
2
3
1
0
3
0
0
2
1
6
5
0
3
5
0
5
1
0
5
0
1
3
0
5
3
1
2
4
0
4
1
1
3
0
1
0
4
1
4
1
1
3
1
2
2
4
3
0
2
1
5
1
0
2
2
2
0
1
3
1
0
9
1
1
0
3
1
3
1
3
2
1
4
0
0
1
0
2
1
1
1
5
0
0
1
2
0
1
1
1
1
0
0
2
1
1
1
0
1
3
1
1
0
1
0
0
0
0
0
0
0
3
2
1
0
2
0
1
0
1
2
0
1
0
1
2
0
0
0
0
0
1
0
1
0
0
0
1
0
0
1
0
0
0
2
1
1
0
0
0
0
2
1
0
2
0
0
0
0
1
0
0
1
0
0
0
1
0
0
2
0
0
0
1
0
0
0
0
0
0
0
1
1