3699332
135957
98610
149294
112469
82379
38348
64274
69070
0
22844
11538
15206
15135
10041
19746
28595
42839
66890
0
25215
18496
9418
22367
32065
36413
31956
56472
88019
0
22227
21389
28928
31440
24707
36092
46959
57394
64434
0
45928
28760
22706
30684
35353
34709
27456
60993
99382
0
25212
18609
27318
27106
10373
19974
26095
30165
38823
0
29655
15884
10578
19726
24205
25325
21791
38183
57987
0
12962
13944
18811
18981
14955
20866
24839
31067
40172
0
27981
23047
24091
60623
0
18029
5794
13239
17961
18922
15650
24099
31146
43245
0
16581
15939
17340
13046
19776
26078
29077
22897
56488
0
20898
8235
11689
14584
14853
10797
21219
28528
44666
0
12841
13156
13935
5909
11112
14368
15051
15079
32287
0
15059
5582
10973
13788
14111
11509
17683
22605
27699
0
10133
10559
10569
8271
11130
13415
14740
13837
36530
0
15774
6208
9733
13593
14168
7393
14475
18797
26068
0
11922
9505
9068
6142
11594
14593
16664
16670
39783
0
11502
3695
7867
10469
10683
8311
12767
16534
24019
0
8156
8565
9587
7100
11335
16673
17589
8773
18704
0
10813
4674
6700
8343
8085
5563
11483
14624
21192
0
9497
8179
7841
4163
7717
9648
9907
9763
21426
0
7680
2827
6043
7740
8161
6426
10302
14496
18635
0
5713
6076
6048
4803
6929
8783
9689
9005
23726
0
10215
4051
6172
8535
9196
5379
9973
13570
19965
0
5643
4460
4374
3158
5727
7290
8607
8173
19918
0
6010
1622
3688
5084
5091
4114
6715
8514
10140
0
6594
6158
6101
4821
6858
8355
8520
5557
13949
0
7589
2900
4129
4987
5016
3908
7934
10349
15501
0
5731
5238
5511
2702
4795
6019
6526
6327
14365
0
5892
2103
4573
5985
6045
4601
7686
10350
13881
0
3971
4110
4069
2947
4235
5265
5880
5593
14182
0
6256
2340
3814
5729
5941
2526
4526
5909
7324
0
4534
3664
3401
2223
4402
5390
5682
5373
12669
0
5075
1579
3263
4139
3883
3145
4830
6142
8421
0
3700
3723
3752
2790
4198
5645
5933
4015
9973
0
5546
2241
3260
4110
4155
2922
5990
7893
11852
0
4376
3658
3659
1950
3482
4302
4698
4522
10081
0
3036
1101
2309
3362
3643
2679
4535
6650
8041
0
2164
2552
2444
2031
3103
3708
3831
3413
8703
0
5101
2041
3121
3846
3825
2144
4306
5392
7218
0
3226
2459
2365
1672
3121
3970
4370
4298
10245
0
3202
990
2160
2880
2952
2376
3732
4904
6763
0
2906
3010
2990
2215
3408
4339
4441
3521
8055
0
3207
1275
1782
2289
2450
1782
3730
5027
7634
0
2527
2672
2723
1153
2046
2685
2738
2609
5657
0
2905
1041
2167
2763
2781
2191
3441
4424
5490
0
1977
2102
2062
1537
2077
2640
2760
2665
7013
0
3129
1238
1902
2758
2805
1523
3005
3761
5379
0
2604
2053
1923
1364
2438
3189
3559
3401
8058
0
2521
690
1486
1927
2025
1432
2495
3034
4555
0
1487
1646
1724
1281
1955
2887
3004
1499
3379
0
2180
901
1454
1802
1756
1119
2546
3201
4233
0
2244
1855
1799
935
1788
2209
2342
2136
4802
0
1814
719
1406
1963
1960
1490
2463
3337
4112
0
1355
1370
1486
1111
1658
1963
2164
1966
5125
0
2582
952
1552
2029
2127
1206
2247
2767
3877
0
1430
1061
1024
759
1409
1851
2146
1957
4952
0
1562
457
899
1281
1163
921
1470
1905
2366
0
1526
1531
1458
1091
1694
2243
2270
1517
3348
0
1711
697
951
1222
1309
883
1857
2467
3643
0
1381
1283
1246
656
1143
1459
1487
1440
3503
0
1360
499
1075
1515
1440
1082
1798
2451
3328
0
882
1009
998
715
1013
1287
1393
1322
3298
0
1471
557
892
1372
1404
545
1137
1471
1761
0
1242
933
846
563
1181
1433
1549
1424
3239
0
1342
395
852
1140
1054
801
1266
1691
2303
0
970
1036
1010
719
1155
1485
1559
1025
2471
0
1247
483
734
1034
997
710
1459
1879
2702
0
1097
991
1028
536
876
1200
1171
1106
2589
0
846
328
735
915
997
697
1254
1773
2097
0
623
732
690
590
883
1062
1042
847
2286
0
1444
567
851
1075
1016
551
1050
1251
1711
0
720
546
539
414
816
1003
1044
1007
2477
0
784
223
542
692
727
585
888
1217
1617
0
718
682
778
519
772
1071
1137
794
1975
0
725
288
433
547
574
398
847
1110
1688
0
601
633
691
244
467
680
619
539
1326
0
747
273
539
743
705
539
866
1068
1259
0
546
542
471
398
537
688
717
665
1749
0
870
317
530
770
726
360
674
923
1208
0
538
499
472
334
659
862
919
919
2166
0
709
226
418
566
631
417
657
923
1249
0
448
507
516
356
574
839
843
460
906
0
582
234
393
452
466
296
595
817
1106
0
558
538
526
255
471
574
580
546
1205
0
470
160
371
493
495
385
607
797
1040
0
347
380
380
268
374
514
476
487
1291
0
599
256
392
521
525
283
552
691
970
0
322
291
291
200
381
494
571
504
1299
0
417
122
230
368
310
253
402
519
655
0
436
368
402
342
437
568
539
359
903
0
493
172
261
320
322
249
511
690
1028
0
396
343
354
177
341
457
402
399
966
0
399
137
297
396
426
281
523
667
901
0
270
268
253
190
267
340
382
369
945
0
463
142
275
410
419
196
310
426
478
0
289
243
221
145
300
405
446
386
892
0
359
108
214
279
303
208
342
447
576
0
241
291
292
220
290
440
442
296
678
0
293
125
181
263
234
163
405
479
688
0
263
278
219
121
228
268
304
294
593
0
212
69
152
254
220
174
296
395
513
0
135
163
155
133
201
257
248
190
537
0
350
130
227
280
250
127
272
328
445
0
226
196
155
131
223
328
329
309
762
0
245
89
160
227
210
149
286
382
465
0
236
249
243
156
254
354
350
202
578
0
241
81
123
172
181
132
269
400
530
0
191
205
212
72
131
194
167
160
365
0
189
60
157
201
200
150
231
318
391
0
157
153
134
108
141
178
191
184
499
0
223
108
137
229
197
106
195
240
360
0
143
144
126
94
186
209
265
236
529
0
183
42
112
143
131
117
163
219
304
0
114
126
129
96
147
211
229
123
265
0
159
72
104
146
137
94
218
247
339
0
180
149
151
72
142
167
164
161
363
0
129
48
131
169
162
116
196
261
350
0
114
114
109
91
130
160
176
161
409
0
240
88
114
157
183
97
186
206
305
0
112
83
94
67
110
163
160
161
408
0
147
39
56
116
104
69
105
159
187
0
128
116
120
87
118
145
135
125
274
0
135
51
80
86
99
59
142
218
302
0
95
124
114
46
89
102
119
121
246
0
111
43
85
104
110
101
158
212
277
0
62
86
64
55
84
110
101
104
244
0
116
41
80
116
109
55
87
104
123
0
79
78
63
46
89
115
111
90
231
0
113
41
78
78
75
46
83
141
181
0
71
83
91
63
85
96
128
77
186
0
98
32
65
74
74
44
123
164
248
0
101
68
83
44
99
103
102
103
228
0
70
28
61
82
74
59
111
132
149
0
57
52
52
40
58
76
77
69
171
0
107
31
65
82
81
40
92
101
131
0
68
56
47
41
53
79
94
75
184
0
76
25
40
58
54
37
82
114
134
0
45
70
64
44
51
93
73
61
171
0
66
13
37
39
53
37
63
86
139
0
56
51
65
20
40
46
47
55
132
0
59
25
54
71
65
54
82
104
115
0
34
47
35
23
58
74
66
63
154
0
73
30
50
59
55
38
65
81
110
0
58
41
40
26
50
85
71
76
157
0
81
18
37
37
52
30
55
80
109
0
50
32
31
25
46
65
89
43
88
0
47
20
28
45
36
36
55
73
91
0
61
46
43
19
46
48
55
48
105
0
46
19
31
45
51
31
59
71
104
0
27
37
32
28
44
45
38
45
124
0
59
19
35
53
62
28
61
65
100
0
30
16
22
30
32
37
49
40
117
0
30
6
24
36
29
18
34
44
61
0
34
53
36
21
28
48
47
31
89
0
42
13
30
21
27
20
43
58
87
0
45
36
38
10
27
36
34
30
77
0
40
13
35
46
37
29
39
66
103
0
28
26
25
27
24
31
35
50
89
0
43
14
31
39
41
12
25
39
35
0
37
24
21
15
29
40
33
28
92
0
32
14
18
29
37
22
21
39
57
0
26
29
17
13
24
50
43
30
70
0
26
15
24
22
25
8
38
51
67
0
19
24
24
14
22
34
28
39
73
0
19
4
14
17
22
14
33
48
47
0
10
17
20
4
17
29
25
19
57
0
37
14
15
30
34
14
27
33
38
0
12
16
15
11
30
30
38
31
50
0
21
6
7
21
21
15
34
44
35
0
20
22
26
19
21
30
37
25
53
0
23
8
14
16
13
15
27
27
60
0
23
18
20
9
14
21
22
19
26
0
22
7
15
17
22
20
20
35
42
0
14
16
6
15
18
23
24
23
42
0
30
14
14
22
19
6
22
30
37
0
23
9
9
11
11
23
28
20
57
0
23
8
14
20
17
16
16
18
35
0
12
16
14
10
15
16
18
10
25
0
17
13
11
14
5
10
22
21
29
0
11
13
17
8
11
16
10
14
34
0
9
4
9
14
12
8
19
24
29
0
11
11
9
5
8
19
16
17
40
0
23
12
15
13
19
8
19
20
32
0
8
5
11
4
11
21
19
21
38
0
11
4
8
4
13
9
12
17
13
0
9
16
6
5
14
14
19
6
25
0
17
11
10
7
14
3
19
21
39
0
11
10
11
6
10
5
5
12
22
0
5
2
4
14
8
8
12
15
36
0
10
7
1
3
2
13
11
6
23
0
13
4
3
11
9
9
9
9
9
0
9
11
11
5
8
13
15
8
29
0
11
3
5
11
10
5
10
15
14
0
12
6
7
5
11
9
19
6
25
0
7
3
7
12
13
10
17
22
30
0
9
9
10
6
8
10
12
8
16
0
3
5
5
7
5
3
17
13
14
0
7
5
2
4
6
7
8
9
16
0
22
6
6
3
8
2
1
10
15
0
5
7
6
1
5
9
11
7
20
0
3
2
3
8
8
3
8
12
10
0
3
8
3
3
5
8
10
7
20
0
1
5
1
5
5
4
6
12
12
0
3
6
4
2
2
4
6
6
8
0
5
3
7
5
7
1
5
10
4
0
3
5
2
4
3
5
6
2
16
0
11
1
4
10
17
4
9
9
13
0
6
2
4
3
3
5
5
9
21
0
6
2
4
2
6
1
4
4
10
0
6
6
5
0
6
10
11
4
6
0
4
4
5
3
6
1
7
4
7
0
4
3
3
5
5
9
6
3
11
0
6
2
3
3
6
4
6
3
4
0
3
2
2
2
2
8
8
8
17
0
3
1
5
3
3
4
7
8
4
0
3
3
1
1
4
5
6
4
13
0
3
0
2
3
1
4
2
6
9
0
1
3
4
3
7
6
8
4
11
0
8
0
2
1
3
2
8
6
9
0
3
2
9
2
5
4
5
2
9
0
2
1
1
2
3
2
3
7
5
0
2
2
3
4
3
2
4
4
7
0
4
2
4
4
3
2
5
10
5
0
5
1
0
2
4
5
1
7
12
0
1
2
2
2
0
2
2
4
7
0
3
1
2
2
4
7
4
2
5